X Y Z
38.1958331956197981 -17.2091663961518471 -1
38.196666528949784 -17.2091663961518471 -1
38.1974998622797699 -17.2091663961518471 -1
38.1983331956097558 -17.2091663961518471 -1
38.1991665289397417 -17.2091663961518471 -1
38.1999998622697277 -17.2091663961518471 -1
38.2008331955997136 -17.2091663961518471 -1
38.2016665289296995 -17.2091663961518471 -1
38.2024998622596854 -17.2091663961518471 -1
38.2033331955896713 -17.2091663961518471 -1
38.2041665289196573 -17.2091663961518471 -1
38.2049998622496432 -17.2091663961518471 -1
38.2058331955796291 -17.2091663961518471 -1
38.206666528909615 -17.2091663961518471 -1
38.2074998622396009 -17.2091663961518471 -1
38.2083331955695868 -17.2091663961518471 -1
38.2091665288995728 -17.2091663961518471 -1
38.2099998622295587 -17.2091663961518471 -1
38.2108331955595446 -17.2091663961518471 -1
38.2116665288895305 -17.2091663961518471 -1
38.2124998622195164 -17.2091663961518471 -1
38.2133331955495024 -17.2091663961518471 -1
38.2141665288794883 -17.2091663961518471 -1
38.2149998622094742 -17.2091663961518471 -1
38.2158331955394601 -17.2091663961518471 -1
38.216666528869446 -17.2091663961518471 -1
38.217499862199432 -17.2091663961518471 -1
38.2183331955294179 -17.2091663961518471 -1
38.2191665288594038 -17.2091663961518471 -1
38.2199998621893897 -17.2091663961518471 -1
38.2208331955193756 -17.2091663961518471 -1
38.2216665288493616 -17.2091663961518471 -1
38.2224998621793475 -17.2091663961518471 -1
38.2233331955093334 -17.2091663961518471 -1
38.2241665288393193 -17.2091663961518471 -1
38.2249998621693052 -17.2091663961518471 -1
38.2258331954992912 -17.2091663961518471 -1
38.2266665288292771 -17.2091663961518471 -1
38.227499862159263 -17.2091663961518471 -1
38.2283331954892489 -17.2091663961518471 -1
38.2291665288192348 -17.2091663961518471 -1
38.2299998621492207 -17.2091663961518471 -1
38.2308331954792067 -17.2091663961518471 -1
38.1958331956197981 -17.2099997294818614 -1
38.196666528949784 -17.2099997294818614 -1
38.1974998622797699 -17.2099997294818614 -1
38.1983331956097558 -17.2099997294818614 -1
38.1991665289397417 -17.2099997294818614 -1
38.1999998622697277 -17.2099997294818614 -1
38.2008331955997136 -17.2099997294818614 -1
38.2016665289296995 -17.2099997294818614 -1
38.2024998622596854 -17.2099997294818614 -1
38.2033331955896713 -17.2099997294818614 -1
38.2041665289196573 -17.2099997294818614 -1
38.2049998622496432 -17.2099997294818614 -1
38.2058331955796291 -17.2099997294818614 -1
38.206666528909615 -17.2099997294818614 -1
38.2074998622396009 -17.2099997294818614 -1
38.2083331955695868 -17.2099997294818614 -1
38.2091665288995728 -17.2099997294818614 -1
38.2099998622295587 -17.2099997294818614 -1
38.2108331955595446 -17.2099997294818614 -1
38.2116665288895305 -17.2099997294818614 -1
38.2124998622195164 -17.2099997294818614 -1
38.2133331955495024 -17.2099997294818614 -1
38.2141665288794883 -17.2099997294818614 -1
38.2149998622094742 -17.2099997294818614 -1
38.2158331955394601 -17.2099997294818614 -1
38.216666528869446 -17.2099997294818614 -1
38.217499862199432 -17.2099997294818614 -1
38.2183331955294179 -17.2099997294818614 -1
38.2191665288594038 -17.2099997294818614 -1
38.2199998621893897 -17.2099997294818614 -1
38.2208331955193756 -17.2099997294818614 -1
38.2216665288493616 -17.2099997294818614 -1
38.2224998621793475 -17.2099997294818614 -1
38.2233331955093334 -17.2099997294818614 2.9397735595703125
38.2241665288393193 -17.2099997294818614 2.94678401947021484
38.2249998621693052 -17.2099997294818614 6.54467630386352539
38.2258331954992912 -17.2099997294818614 8.14087581634521484
38.2266665288292771 -17.2099997294818614 -1
38.227499862159263 -17.2099997294818614 -1
38.2283331954892489 -17.2099997294818614 -1
38.2291665288192348 -17.2099997294818614 -1
38.2299998621492207 -17.2099997294818614 -1
38.2308331954792067 -17.2099997294818614 -1
38.1958331956197981 -17.2108330628118722 -1
38.196666528949784 -17.2108330628118722 -1
38.1974998622797699 -17.2108330628118722 -1
38.1983331956097558 -17.2108330628118722 -1
38.1991665289397417 -17.2108330628118722 -1
38.1999998622697277 -17.2108330628118722 -1
38.2008331955997136 -17.2108330628118722 -1
38.2016665289296995 -17.2108330628118722 -1
38.2024998622596854 -17.2108330628118722 -1
38.2033331955896713 -17.2108330628118722 -1
38.2041665289196573 -17.2108330628118722 -1
38.2049998622496432 -17.2108330628118722 -1
38.2058331955796291 -17.2108330628118722 -1
38.206666528909615 -17.2108330628118722 -1
38.2074998622396009 -17.2108330628118722 -1
38.2083331955695868 -17.2108330628118722 -1
38.2091665288995728 -17.2108330628118722 -1
38.2099998622295587 -17.2108330628118722 -1
38.2108331955595446 -17.2108330628118722 -1
38.2116665288895305 -17.2108330628118722 -1
38.2124998622195164 -17.2108330628118722 -1
38.2133331955495024 -17.2108330628118722 -1
38.2141665288794883 -17.2108330628118722 -1
38.2149998622094742 -17.2108330628118722 -1
38.2158331955394601 -17.2108330628118722 -1
38.216666528869446 -17.2108330628118722 -1
38.217499862199432 -17.2108330628118722 -1
38.2183331955294179 -17.2108330628118722 -1
38.2191665288594038 -17.2108330628118722 -1
38.2199998621893897 -17.2108330628118722 -1
38.2208331955193756 -17.2108330628118722 -1
38.2216665288493616 -17.2108330628118722 -1
38.2224998621793475 -17.2108330628118722 -1
38.2233331955093334 -17.2108330628118722 -1
38.2241665288393193 -17.2108330628118722 7.75626659393310547
38.2249998621693052 -17.2108330628118722 3.29165863990783691
38.2258331954992912 -17.2108330628118722 2.23720049858093262
38.2266665288292771 -17.2108330628118722 8.55109214782714844
38.227499862159263 -17.2108330628118722 11.6780910491943359
38.2283331954892489 -17.2108330628118722 7.12512922286987305
38.2291665288192348 -17.2108330628118722 -1
38.2299998621492207 -17.2108330628118722 -1
38.2308331954792067 -17.2108330628118722 -1
38.1958331956197981 -17.2116663961418865 -1
38.196666528949784 -17.2116663961418865 -1
38.1974998622797699 -17.2116663961418865 -1
38.1983331956097558 -17.2116663961418865 -1
38.1991665289397417 -17.2116663961418865 -1
38.1999998622697277 -17.2116663961418865 -1
38.2008331955997136 -17.2116663961418865 -1
38.2016665289296995 -17.2116663961418865 -1
38.2024998622596854 -17.2116663961418865 -1
38.2033331955896713 -17.2116663961418865 -1
38.2041665289196573 -17.2116663961418865 -1
38.2049998622496432 -17.2116663961418865 -1
38.2058331955796291 -17.2116663961418865 -1
38.206666528909615 -17.2116663961418865 -1
38.2074998622396009 -17.2116663961418865 -1
38.2083331955695868 -17.2116663961418865 -1
38.2091665288995728 -17.2116663961418865 -1
38.2099998622295587 -17.2116663961418865 -1
38.2108331955595446 -17.2116663961418865 -1
38.2116665288895305 -17.2116663961418865 -1
38.2124998622195164 -17.2116663961418865 -1
38.2133331955495024 -17.2116663961418865 -1
38.2141665288794883 -17.2116663961418865 -1
38.2149998622094742 -17.2116663961418865 -1
38.2158331955394601 -17.2116663961418865 -1
38.216666528869446 -17.2116663961418865 -1
38.217499862199432 -17.2116663961418865 -1
38.2183331955294179 -17.2116663961418865 -1
38.2191665288594038 -17.2116663961418865 -1
38.2199998621893897 -17.2116663961418865 -1
38.2208331955193756 -17.2116663961418865 -1
38.2216665288493616 -17.2116663961418865 -1
38.2224998621793475 -17.2116663961418865 2.93938493728637695
38.2233331955093334 -17.2116663961418865 8.01386642456054688
38.2241665288393193 -17.2116663961418865 4.16042757034301758
38.2249998621693052 -17.2116663961418865 8.69664573669433594
38.2258331954992912 -17.2116663961418865 8.13787269592285156
38.2266665288292771 -17.2116663961418865 8.40609169006347656
38.227499862159263 -17.2116663961418865 5.98338985443115234
38.2283331954892489 -17.2116663961418865 6.83756446838378906
38.2291665288192348 -17.2116663961418865 11.3383264541625977
38.2299998621492207 -17.2116663961418865 -1
38.2308331954792067 -17.2116663961418865 -1
38.1958331956197981 -17.2124997294719009 -1
38.196666528949784 -17.2124997294719009 -1
38.1974998622797699 -17.2124997294719009 -1
38.1983331956097558 -17.2124997294719009 -1
38.1991665289397417 -17.2124997294719009 -1
38.1999998622697277 -17.2124997294719009 -1
38.2008331955997136 -17.2124997294719009 -1
38.2016665289296995 -17.2124997294719009 -1
38.2024998622596854 -17.2124997294719009 -1
38.2033331955896713 -17.2124997294719009 -1
38.2041665289196573 -17.2124997294719009 -1
38.2049998622496432 -17.2124997294719009 -1
38.2058331955796291 -17.2124997294719009 -1
38.206666528909615 -17.2124997294719009 -1
38.2074998622396009 -17.2124997294719009 -1
38.2083331955695868 -17.2124997294719009 -1
38.2091665288995728 -17.2124997294719009 -1
38.2099998622295587 -17.2124997294719009 -1
38.2108331955595446 -17.2124997294719009 -1
38.2116665288895305 -17.2124997294719009 -1
38.2124998622195164 -17.2124997294719009 -1
38.2133331955495024 -17.2124997294719009 -1
38.2141665288794883 -17.2124997294719009 -1
38.2149998622094742 -17.2124997294719009 -1
38.2158331955394601 -17.2124997294719009 -1
38.216666528869446 -17.2124997294719009 -1
38.217499862199432 -17.2124997294719009 -1
38.2183331955294179 -17.2124997294719009 -1
38.2191665288594038 -17.2124997294719009 -1
38.2199998621893897 -17.2124997294719009 -1
38.2208331955193756 -17.2124997294719009 -1
38.2216665288493616 -17.2124997294719009 -1
38.2224998621793475 -17.2124997294719009 10.4211883544921875
38.2233331955093334 -17.2124997294719009 13.47467041015625
38.2241665288393193 -17.2124997294719009 11.0418872833251953
38.2249998621693052 -17.2124997294719009 8.2515411376953125
38.2258331954992912 -17.2124997294719009 11.2950592041015625
38.2266665288292771 -17.2124997294719009 16.8059177398681641
38.227499862159263 -17.2124997294719009 12.989537239074707
38.2283331954892489 -17.2124997294719009 12.9191799163818359
38.2291665288192348 -17.2124997294719009 -1
38.2299998621492207 -17.2124997294719009 -1
38.2308331954792067 -17.2124997294719009 -1
38.1958331956197981 -17.2133330628019117 -1
38.196666528949784 -17.2133330628019117 -1
38.1974998622797699 -17.2133330628019117 -1
38.1983331956097558 -17.2133330628019117 -1
38.1991665289397417 -17.2133330628019117 -1
38.1999998622697277 -17.2133330628019117 -1
38.2008331955997136 -17.2133330628019117 -1
38.2016665289296995 -17.2133330628019117 -1
38.2024998622596854 -17.2133330628019117 -1
38.2033331955896713 -17.2133330628019117 -1
38.2041665289196573 -17.2133330628019117 -1
38.2049998622496432 -17.2133330628019117 -1
38.2058331955796291 -17.2133330628019117 -1
38.206666528909615 -17.2133330628019117 -1
38.2074998622396009 -17.2133330628019117 -1
38.2083331955695868 -17.2133330628019117 -1
38.2091665288995728 -17.2133330628019117 -1
38.2099998622295587 -17.2133330628019117 -1
38.2108331955595446 -17.2133330628019117 -1
38.2116665288895305 -17.2133330628019117 -1
38.2124998622195164 -17.2133330628019117 -1
38.2133331955495024 -17.2133330628019117 -1
38.2141665288794883 -17.2133330628019117 -1
38.2149998622094742 -17.2133330628019117 -1
38.2158331955394601 -17.2133330628019117 -1
38.216666528869446 -17.2133330628019117 -1
38.217499862199432 -17.2133330628019117 -1
38.2183331955294179 -17.2133330628019117 -1
38.2191665288594038 -17.2133330628019117 -1
38.2199998621893897 -17.2133330628019117 -1
38.2208331955193756 -17.2133330628019117 -1
38.2216665288493616 -17.2133330628019117 6.08196735382080078
38.2224998621793475 -17.2133330628019117 10.9843816757202148
38.2233331955093334 -17.2133330628019117 15.2062492370605469
38.2241665288393193 -17.2133330628019117 12.5851821899414063
38.2249998621693052 -17.2133330628019117 14.7285013198852539
38.2258331954992912 -17.2133330628019117 7.75597858428955078
38.2266665288292771 -17.2133330628019117 7.76923131942749023
38.227499862159263 -17.2133330628019117 6.99927139282226563
38.2283331954892489 -17.2133330628019117 9.67606258392333984
38.2291665288192348 -17.2133330628019117 -1
38.2299998621492207 -17.2133330628019117 -1
38.2308331954792067 -17.2133330628019117 -1
38.1958331956197981 -17.214166396131926 -1
38.196666528949784 -17.214166396131926 -1
38.1974998622797699 -17.214166396131926 -1
38.1983331956097558 -17.214166396131926 -1
38.1991665289397417 -17.214166396131926 -1
38.1999998622697277 -17.214166396131926 -1
38.2008331955997136 -17.214166396131926 -1
38.2016665289296995 -17.214166396131926 -1
38.2024998622596854 -17.214166396131926 -1
38.2033331955896713 -17.214166396131926 -1
38.2041665289196573 -17.214166396131926 -1
38.2049998622496432 -17.214166396131926 -1
38.2058331955796291 -17.214166396131926 -1
38.206666528909615 -17.214166396131926 -1
38.2074998622396009 -17.214166396131926 -1
38.2083331955695868 -17.214166396131926 -1
38.2091665288995728 -17.214166396131926 -1
38.2099998622295587 -17.214166396131926 -1
38.2108331955595446 -17.214166396131926 -1
38.2116665288895305 -17.214166396131926 -1
38.2124998622195164 -17.214166396131926 -1
38.2133331955495024 -17.214166396131926 -1
38.2141665288794883 -17.214166396131926 -1
38.2149998622094742 -17.214166396131926 -1
38.2158331955394601 -17.214166396131926 -1
38.216666528869446 -17.214166396131926 -1
38.217499862199432 -17.214166396131926 -1
38.2183331955294179 -17.214166396131926 -1
38.2191665288594038 -17.214166396131926 -1
38.2199998621893897 -17.214166396131926 -1
38.2208331955193756 -17.214166396131926 2.2230219841003418
38.2216665288493616 -17.214166396131926 12.4049777984619141
38.2224998621793475 -17.214166396131926 11.425236701965332
38.2233331955093334 -17.214166396131926 9.20736408233642578
38.2241665288393193 -17.214166396131926 12.7864303588867188
38.2249998621693052 -17.214166396131926 13.2728404998779297
38.2258331954992912 -17.214166396131926 8.11488914489746094
38.2266665288292771 -17.214166396131926 7.8553924560546875
38.227499862159263 -17.214166396131926 12.7972450256347656
38.2283331954892489 -17.214166396131926 -1
38.2291665288192348 -17.214166396131926 -1
38.2299998621492207 -17.214166396131926 -1
38.2308331954792067 -17.214166396131926 -1
38.1958331956197981 -17.2149997294619403 -1
38.196666528949784 -17.2149997294619403 -1
38.1974998622797699 -17.2149997294619403 -1
38.1983331956097558 -17.2149997294619403 -1
38.1991665289397417 -17.2149997294619403 -1
38.1999998622697277 -17.2149997294619403 -1
38.2008331955997136 -17.2149997294619403 -1
38.2016665289296995 -17.2149997294619403 -1
38.2024998622596854 -17.2149997294619403 -1
38.2033331955896713 -17.2149997294619403 -1
38.2041665289196573 -17.2149997294619403 -1
38.2049998622496432 -17.2149997294619403 -1
38.2058331955796291 -17.2149997294619403 -1
38.206666528909615 -17.2149997294619403 -1
38.2074998622396009 -17.2149997294619403 -1
38.2083331955695868 -17.2149997294619403 -1
38.2091665288995728 -17.2149997294619403 -1
38.2099998622295587 -17.2149997294619403 -1
38.2108331955595446 -17.2149997294619403 -1
38.2116665288895305 -17.2149997294619403 -1
38.2124998622195164 -17.2149997294619403 -1
38.2133331955495024 -17.2149997294619403 -1
38.2141665288794883 -17.2149997294619403 -1
38.2149998622094742 -17.2149997294619403 -1
38.2158331955394601 -17.2149997294619403 -1
38.216666528869446 -17.2149997294619403 -1
38.217499862199432 -17.2149997294619403 -1
38.2183331955294179 -17.2149997294619403 -1
38.2191665288594038 -17.2149997294619403 -1
38.2199998621893897 -17.2149997294619403 -1
38.2208331955193756 -17.2149997294619403 11.1761150360107422
38.2216665288493616 -17.2149997294619403 5.28171634674072266
38.2224998621793475 -17.2149997294619403 7.61510276794433594
38.2233331955093334 -17.2149997294619403 11.6215944290161133
38.2241665288393193 -17.2149997294619403 9.65314292907714844
38.2249998621693052 -17.2149997294619403 8.18385219573974609
38.2258331954992912 -17.2149997294619403 1.98259127140045166
38.2266665288292771 -17.2149997294619403 10.7221355438232422
38.227499862159263 -17.2149997294619403 8.8198089599609375
38.2283331954892489 -17.2149997294619403 2.60371279716491699
38.2291665288192348 -17.2149997294619403 -1
38.2299998621492207 -17.2149997294619403 -1
38.2308331954792067 -17.2149997294619403 -1
38.1958331956197981 -17.2158330627919511 -1
38.196666528949784 -17.2158330627919511 -1
38.1974998622797699 -17.2158330627919511 -1
38.1983331956097558 -17.2158330627919511 -1
38.1991665289397417 -17.2158330627919511 -1
38.1999998622697277 -17.2158330627919511 -1
38.2008331955997136 -17.2158330627919511 -1
38.2016665289296995 -17.2158330627919511 -1
38.2024998622596854 -17.2158330627919511 -1
38.2033331955896713 -17.2158330627919511 -1
38.2041665289196573 -17.2158330627919511 -1
38.2049998622496432 -17.2158330627919511 -1
38.2058331955796291 -17.2158330627919511 -1
38.206666528909615 -17.2158330627919511 -1
38.2074998622396009 -17.2158330627919511 -1
38.2083331955695868 -17.2158330627919511 -1
38.2091665288995728 -17.2158330627919511 -1
38.2099998622295587 -17.2158330627919511 -1
38.2108331955595446 -17.2158330627919511 -1
38.2116665288895305 -17.2158330627919511 -1
38.2124998622195164 -17.2158330627919511 -1
38.2133331955495024 -17.2158330627919511 -1
38.2141665288794883 -17.2158330627919511 -1
38.2149998622094742 -17.2158330627919511 -1
38.2158331955394601 -17.2158330627919511 -1
38.216666528869446 -17.2158330627919511 -1
38.217499862199432 -17.2158330627919511 -1
38.2183331955294179 -17.2158330627919511 -1
38.2191665288594038 -17.2158330627919511 -1
38.2199998621893897 -17.2158330627919511 2.91542387008666992
38.2208331955193756 -17.2158330627919511 2.18291354179382324
38.2216665288493616 -17.2158330627919511 7.20660495758056641
38.2224998621793475 -17.2158330627919511 5.7034144401550293
38.2233331955093334 -17.2158330627919511 12.265629768371582
38.2241665288393193 -17.2158330627919511 13.8212614059448242
38.2249998621693052 -17.2158330627919511 11.4219837188720703
38.2258331954992912 -17.2158330627919511 9.11122512817382813
38.2266665288292771 -17.2158330627919511 8.30519294738769531
38.227499862159263 -17.2158330627919511 12.1331253051757813
38.2283331954892489 -17.2158330627919511 4.83343124389648438
38.2291665288192348 -17.2158330627919511 1.93891060352325439
38.2299998621492207 -17.2158330627919511 2.09080791473388672
38.2308331954792067 -17.2158330627919511 -1
38.1958331956197981 -17.2166663961219655 -1
38.196666528949784 -17.2166663961219655 -1
38.1974998622797699 -17.2166663961219655 -1
38.1983331956097558 -17.2166663961219655 -1
38.1991665289397417 -17.2166663961219655 -1
38.1999998622697277 -17.2166663961219655 -1
38.2008331955997136 -17.2166663961219655 -1
38.2016665289296995 -17.2166663961219655 -1
38.2024998622596854 -17.2166663961219655 -1
38.2033331955896713 -17.2166663961219655 -1
38.2041665289196573 -17.2166663961219655 -1
38.2049998622496432 -17.2166663961219655 -1
38.2058331955796291 -17.2166663961219655 -1
38.206666528909615 -17.2166663961219655 -1
38.2074998622396009 -17.2166663961219655 -1
38.2083331955695868 -17.2166663961219655 2.0155329704284668
38.2091665288995728 -17.2166663961219655 4.16761493682861328
38.2099998622295587 -17.2166663961219655 2.28492069244384766
38.2108331955595446 -17.2166663961219655 -1
38.2116665288895305 -17.2166663961219655 -1
38.2124998622195164 -17.2166663961219655 -1
38.2133331955495024 -17.2166663961219655 -1
38.2141665288794883 -17.2166663961219655 -1
38.2149998622094742 -17.2166663961219655 -1
38.2158331955394601 -17.2166663961219655 -1
38.216666528869446 -17.2166663961219655 -1
38.217499862199432 -17.2166663961219655 -1
38.2183331955294179 -17.2166663961219655 -1
38.2191665288594038 -17.2166663961219655 -1
38.2199998621893897 -17.2166663961219655 2.78678154945373535
38.2208331955193756 -17.2166663961219655 -1
38.2216665288493616 -17.2166663961219655 7.6396641731262207
38.2224998621793475 -17.2166663961219655 12.32720947265625
38.2233331955093334 -17.2166663961219655 16.7577190399169922
38.2241665288393193 -17.2166663961219655 7.76895999908447266
38.2249998621693052 -17.2166663961219655 11.4797401428222656
38.2258331954992912 -17.2166663961219655 12.4293403625488281
38.2266665288292771 -17.2166663961219655 8.56122207641601563
38.227499862159263 -17.2166663961219655 8.25930213928222656
38.2283331954892489 -17.2166663961219655 11.2914104461669922
38.2291665288192348 -17.2166663961219655 8.72835254669189453
38.2299998621492207 -17.2166663961219655 2.71017360687255859
38.2308331954792067 -17.2166663961219655 -1
38.1958331956197981 -17.2174997294519798 -1
38.196666528949784 -17.2174997294519798 -1
38.1974998622797699 -17.2174997294519798 -1
38.1983331956097558 -17.2174997294519798 -1
38.1991665289397417 -17.2174997294519798 -1
38.1999998622697277 -17.2174997294519798 -1
38.2008331955997136 -17.2174997294519798 -1
38.2016665289296995 -17.2174997294519798 -1
38.2024998622596854 -17.2174997294519798 -1
38.2033331955896713 -17.2174997294519798 -1
38.2041665289196573 -17.2174997294519798 -1
38.2049998622496432 -17.2174997294519798 -1
38.2058331955796291 -17.2174997294519798 -1
38.206666528909615 -17.2174997294519798 2.91472601890563965
38.2074998622396009 -17.2174997294519798 6.01837348937988281
38.2083331955695868 -17.2174997294519798 5.27057409286499023
38.2091665288995728 -17.2174997294519798 7.81341409683227539
38.2099998622295587 -17.2174997294519798 4.68692302703857422
38.2108331955595446 -17.2174997294519798 -1
38.2116665288895305 -17.2174997294519798 -1
38.2124998622195164 -17.2174997294519798 -1
38.2133331955495024 -17.2174997294519798 -1
38.2141665288794883 -17.2174997294519798 -1
38.2149998622094742 -17.2174997294519798 -1
38.2158331955394601 -17.2174997294519798 -1
38.216666528869446 -17.2174997294519798 -1
38.217499862199432 -17.2174997294519798 -1
38.2183331955294179 -17.2174997294519798 -1
38.2191665288594038 -17.2174997294519798 -1
38.2199998621893897 -17.2174997294519798 2.06670451164245605
38.2208331955193756 -17.2174997294519798 4.31463909149169922
38.2216665288493616 -17.2174997294519798 4.11056852340698242
38.2224998621793475 -17.2174997294519798 7.42349767684936523
38.2233331955093334 -17.2174997294519798 17.0844917297363281
38.2241665288393193 -17.2174997294519798 8.23728466033935547
38.2249998621693052 -17.2174997294519798 12.1064081192016602
38.2258331954992912 -17.2174997294519798 11.0769195556640625
38.2266665288292771 -17.2174997294519798 8.70688533782958984
38.227499862159263 -17.2174997294519798 8.65736579895019531
38.2283331954892489 -17.2174997294519798 -1
38.2291665288192348 -17.2174997294519798 2.9498283863067627
38.2299998621492207 -17.2174997294519798 5.92917585372924805
38.2308331954792067 -17.2174997294519798 -1
38.1958331956197981 -17.2183330627819906 -1
38.196666528949784 -17.2183330627819906 -1
38.1974998622797699 -17.2183330627819906 -1
38.1983331956097558 -17.2183330627819906 -1
38.1991665289397417 -17.2183330627819906 -1
38.1999998622697277 -17.2183330627819906 -1
38.2008331955997136 -17.2183330627819906 -1
38.2016665289296995 -17.2183330627819906 -1
38.2024998622596854 -17.2183330627819906 -1
38.2033331955896713 -17.2183330627819906 4.94621992111206055
38.2041665289196573 -17.2183330627819906 8.26091384887695313
38.2049998622496432 -17.2183330627819906 7.84629058837890625
38.2058331955796291 -17.2183330627819906 -1
38.206666528909615 -17.2183330627819906 3.86475491523742676
38.2074998622396009 -17.2183330627819906 8.67464828491210938
38.2083331955695868 -17.2183330627819906 8.47983360290527344
38.2091665288995728 -17.2183330627819906 2.07857275009155273
38.2099998622295587 -17.2183330627819906 2.04540538787841797
38.2108331955595446 -17.2183330627819906 -1
38.2116665288895305 -17.2183330627819906 -1
38.2124998622195164 -17.2183330627819906 1.9771580696105957
38.2133331955495024 -17.2183330627819906 3.96553921699523926
38.2141665288794883 -17.2183330627819906 2.1838681697845459
38.2149998622094742 -17.2183330627819906 -1
38.2158331955394601 -17.2183330627819906 -1
38.216666528869446 -17.2183330627819906 -1
38.217499862199432 -17.2183330627819906 -1
38.2183331955294179 -17.2183330627819906 2.77462911605834961
38.2191665288594038 -17.2183330627819906 -1
38.2199998621893897 -17.2183330627819906 7.25058174133300781
38.2208331955193756 -17.2183330627819906 7.5393376350402832
38.2216665288493616 -17.2183330627819906 7.0157928466796875
38.2224998621793475 -17.2183330627819906 7.57651519775390625
38.2233331955093334 -17.2183330627819906 2.678619384765625
38.2241665288393193 -17.2183330627819906 8.02903461456298828
38.2249998621693052 -17.2183330627819906 6.01384735107421875
38.2258331954992912 -17.2183330627819906 4.78503847122192383
38.2266665288292771 -17.2183330627819906 4.89121103286743164
38.227499862159263 -17.2183330627819906 7.74992561340332031
38.2283331954892489 -17.2183330627819906 2.16763710975646973
38.2291665288192348 -17.2183330627819906 -1
38.2299998621492207 -17.2183330627819906 -1
38.2308331954792067 -17.2183330627819906 -1
38.1958331956197981 -17.2191663961120049 -1
38.196666528949784 -17.2191663961120049 -1
38.1974998622797699 -17.2191663961120049 -1
38.1983331956097558 -17.2191663961120049 -1
38.1991665289397417 -17.2191663961120049 -1
38.1999998622697277 -17.2191663961120049 -1
38.2008331955997136 -17.2191663961120049 -1
38.2016665289296995 -17.2191663961120049 -1
38.2024998622596854 -17.2191663961120049 5.66384077072143555
38.2033331955896713 -17.2191663961120049 2.09546279907226563
38.2041665289196573 -17.2191663961120049 3.09433245658874512
38.2049998622496432 -17.2191663961120049 6.60325145721435547
38.2058331955796291 -17.2191663961120049 2.14031505584716797
38.206666528909615 -17.2191663961120049 -1
38.2074998622396009 -17.2191663961120049 10.7498159408569336
38.2083331955695868 -17.2191663961120049 7.06284332275390625
38.2091665288995728 -17.2191663961120049 4.84905862808227539
38.2099998622295587 -17.2191663961120049 2.02387714385986328
38.2108331955595446 -17.2191663961120049 -1
38.2116665288895305 -17.2191663961120049 4.17791414260864258
38.2124998622195164 -17.2191663961120049 7.04788589477539063
38.2133331955495024 -17.2191663961120049 7.05834531784057617
38.2141665288794883 -17.2191663961120049 7.29777193069458008
38.2149998622094742 -17.2191663961120049 -1
38.2158331955394601 -17.2191663961120049 -1
38.216666528869446 -17.2191663961120049 -1
38.217499862199432 -17.2191663961120049 3.16624999046325684
38.2183331955294179 -17.2191663961120049 6.97485589981079102
38.2191665288594038 -17.2191663961120049 6.87397480010986328
38.2199998621893897 -17.2191663961120049 10.717860221862793
38.2208331955193756 -17.2191663961120049 10.8614425659179688
38.2216665288493616 -17.2191663961120049 7.19887495040893555
38.2224998621793475 -17.2191663961120049 7.02340030670166016
38.2233331955093334 -17.2191663961120049 8.04428291320800781
38.2241665288393193 -17.2191663961120049 11.3463420867919922
38.2249998621693052 -17.2191663961120049 5.67374563217163086
38.2258331954992912 -17.2191663961120049 2.66095113754272461
38.2266665288292771 -17.2191663961120049 4.97603511810302734
38.227499862159263 -17.2191663961120049 6.09824228286743164
38.2283331954892489 -17.2191663961120049 5.83824396133422852
38.2291665288192348 -17.2191663961120049 -1
38.2299998621492207 -17.2191663961120049 -1
38.2308331954792067 -17.2191663961120049 -1
38.1958331956197981 -17.2199997294420193 -1
38.196666528949784 -17.2199997294420193 -1
38.1974998622797699 -17.2199997294420193 -1
38.1983331956097558 -17.2199997294420193 -1
38.1991665289397417 -17.2199997294420193 -1
38.1999998622697277 -17.2199997294420193 -1
38.2008331955997136 -17.2199997294420193 -1
38.2016665289296995 -17.2199997294420193 -1
38.2024998622596854 -17.2199997294420193 7.10002565383911133
38.2033331955896713 -17.2199997294420193 7.2519526481628418
38.2041665289196573 -17.2199997294420193 7.98576450347900391
38.2049998622496432 -17.2199997294420193 7.22318220138549805
38.2058331955796291 -17.2199997294420193 7.32772254943847656
38.206666528909615 -17.2199997294420193 7.05301237106323242
38.2074998622396009 -17.2199997294420193 2.7912132740020752
38.2083331955695868 -17.2199997294420193 6.32366466522216797
38.2091665288995728 -17.2199997294420193 5.80369758605957031
38.2099998622295587 -17.2199997294420193 12.0013818740844727
38.2108331955595446 -17.2199997294420193 -1
38.2116665288895305 -17.2199997294420193 2.18418574333190918
38.2124998622195164 -17.2199997294420193 7.17373371124267578
38.2133331955495024 -17.2199997294420193 2.15721416473388672
38.2141665288794883 -17.2199997294420193 7.80374765396118164
38.2149998622094742 -17.2199997294420193 5.73648643493652344
38.2158331955394601 -17.2199997294420193 -1
38.216666528869446 -17.2199997294420193 4.17287921905517578
38.217499862199432 -17.2199997294420193 7.63192319869995117
38.2183331955294179 -17.2199997294420193 2.09934163093566895
38.2191665288594038 -17.2199997294420193 7.41218280792236328
38.2199998621893897 -17.2199997294420193 7.26712608337402344
38.2208331955193756 -17.2199997294420193 10.5916204452514648
38.2216665288493616 -17.2199997294420193 11.6546707153320313
38.2224998621793475 -17.2199997294420193 11.1978483200073242
38.2233331955093334 -17.2199997294420193 13.0155506134033203
38.2241665288393193 -17.2199997294420193 3.85028982162475586
38.2249998621693052 -17.2199997294420193 7.72103071212768555
38.2258331954992912 -17.2199997294420193 8.79199886322021484
38.2266665288292771 -17.2199997294420193 -1
38.227499862159263 -17.2199997294420193 -1
38.2283331954892489 -17.2199997294420193 -1
38.2291665288192348 -17.2199997294420193 -1
38.2299998621492207 -17.2199997294420193 -1
38.2308331954792067 -17.2199997294420193 -1
38.1958331956197981 -17.2208330627720301 -1
38.196666528949784 -17.2208330627720301 -1
38.1974998622797699 -17.2208330627720301 -1
38.1983331956097558 -17.2208330627720301 -1
38.1991665289397417 -17.2208330627720301 7.77881336212158203
38.1999998622697277 -17.2208330627720301 7.10846614837646484
38.2008331955997136 -17.2208330627720301 4.12607955932617188
38.2016665289296995 -17.2208330627720301 7.76290082931518555
38.2024998622596854 -17.2208330627720301 7.15041780471801758
38.2033331955896713 -17.2208330627720301 2.91431713104248047
38.2041665289196573 -17.2208330627720301 6.9806065559387207
38.2049998622496432 -17.2208330627720301 4.950775146484375
38.2058331955796291 -17.2208330627720301 10.5340251922607422
38.206666528909615 -17.2208330627720301 7.14040184020996094
38.2074998622396009 -17.2208330627720301 7.81223917007446289
38.2083331955695868 -17.2208330627720301 7.23767757415771484
38.2091665288995728 -17.2208330627720301 7.56689786911010742
38.2099998622295587 -17.2208330627720301 7.10599851608276367
38.2108331955595446 -17.2208330627720301 2.35880732536315918
38.2116665288895305 -17.2208330627720301 -1
38.2124998622195164 -17.2208330627720301 2.08537864685058594
38.2133331955495024 -17.2208330627720301 7.491973876953125
38.2141665288794883 -17.2208330627720301 11.4319362640380859
38.2149998622094742 -17.2208330627720301 7.781951904296875
38.2158331955394601 -17.2208330627720301 11.6022195816040039
38.216666528869446 -17.2208330627720301 6.98791742324829102
38.217499862199432 -17.2208330627720301 12.3739833831787109
38.2183331955294179 -17.2208330627720301 7.70320796966552734
38.2191665288594038 -17.2208330627720301 4.73532009124755859
38.2199998621893897 -17.2208330627720301 7.05821895599365234
38.2208331955193756 -17.2208330627720301 16.7191696166992188
38.2216665288493616 -17.2208330627720301 17.0577888488769531
38.2224998621793475 -17.2208330627720301 16.8239097595214844
38.2233331955093334 -17.2208330627720301 7.44088888168334961
38.2241665288393193 -17.2208330627720301 8.06031608581542969
38.2249998621693052 -17.2208330627720301 9.16724777221679688
38.2258331954992912 -17.2208330627720301 7.92372560501098633
38.2266665288292771 -17.2208330627720301 7.72063064575195313
38.227499862159263 -17.2208330627720301 -1
38.2283331954892489 -17.2208330627720301 -1
38.2291665288192348 -17.2208330627720301 -1
38.2299998621492207 -17.2208330627720301 -1
38.2308331954792067 -17.2208330627720301 -1
38.1958331956197981 -17.2216663961020444 -1
38.196666528949784 -17.2216663961020444 -1
38.1974998622797699 -17.2216663961020444 -1
38.1983331956097558 -17.2216663961020444 -1
38.1991665289397417 -17.2216663961020444 3.91649079322814941
38.1999998622697277 -17.2216663961020444 6.7223505973815918
38.2008331955997136 -17.2216663961020444 8.17712593078613281
38.2016665289296995 -17.2216663961020444 2.70987796783447266
38.2024998622596854 -17.2216663961020444 2.01830124855041504
38.2033331955896713 -17.2216663961020444 7.21360588073730469
38.2041665289196573 -17.2216663961020444 7.01033830642700195
38.2049998622496432 -17.2216663961020444 12.0576515197753906
38.2058331955796291 -17.2216663961020444 7.36220407485961914
38.206666528909615 -17.2216663961020444 7.31046438217163086
38.2074998622396009 -17.2216663961020444 7.78473567962646484
38.2083331955695868 -17.2216663961020444 7.38415288925170898
38.2091665288995728 -17.2216663961020444 7.59478425979614258
38.2099998622295587 -17.2216663961020444 7.28323936462402344
38.2108331955595446 -17.2216663961020444 2.0605475902557373
38.2116665288895305 -17.2216663961020444 8.86334419250488281
38.2124998622195164 -17.2216663961020444 8.13443470001220703
38.2133331955495024 -17.2216663961020444 7.70404052734375
38.2141665288794883 -17.2216663961020444 5.51184225082397461
38.2149998622094742 -17.2216663961020444 10.8832778930664063
38.2158331955394601 -17.2216663961020444 14.7617855072021484
38.216666528869446 -17.2216663961020444 10.371678352355957
38.217499862199432 -17.2216663961020444 10.6601438522338867
38.2183331955294179 -17.2216663961020444 10.2940702438354492
38.2191665288594038 -17.2216663961020444 11.1578826904296875
38.2199998621893897 -17.2216663961020444 7.01197719573974609
38.2208331955193756 -17.2216663961020444 14.7409992218017578
38.2216665288493616 -17.2216663961020444 7.44144964218139648
38.2224998621793475 -17.2216663961020444 6.39224672317504883
38.2233331955093334 -17.2216663961020444 11.3333969116210938
38.2241665288393193 -17.2216663961020444 11.3603725433349609
38.2249998621693052 -17.2216663961020444 4.05915164947509766
38.2258331954992912 -17.2216663961020444 2.66726469993591309
38.2266665288292771 -17.2216663961020444 -1
38.227499862159263 -17.2216663961020444 -1
38.2283331954892489 -17.2216663961020444 -1
38.2291665288192348 -17.2216663961020444 -1
38.2299998621492207 -17.2216663961020444 -1
38.2308331954792067 -17.2216663961020444 -1
38.1958331956197981 -17.2224997294320588 -1
38.196666528949784 -17.2224997294320588 5.09028768539428711
38.1974998622797699 -17.2224997294320588 2.78278708457946777
38.1983331956097558 -17.2224997294320588 2.9130244255065918
38.1991665289397417 -17.2224997294320588 5.11871576309204102
38.1999998622697277 -17.2224997294320588 -1
38.2008331955997136 -17.2224997294320588 12.0042963027954102
38.2016665289296995 -17.2224997294320588 5.83141517639160156
38.2024998622596854 -17.2224997294320588 -1
38.2033331955896713 -17.2224997294320588 -1
38.2041665289196573 -17.2224997294320588 7.75606203079223633
38.2049998622496432 -17.2224997294320588 8.84696197509765625
38.2058331955796291 -17.2224997294320588 7.17994403839111328
38.206666528909615 -17.2224997294320588 7.63708972930908203
38.2074998622396009 -17.2224997294320588 7.56753730773925781
38.2083331955695868 -17.2224997294320588 7.50477743148803711
38.2091665288995728 -17.2224997294320588 7.58248615264892578
38.2099998622295587 -17.2224997294320588 3.51761531829833984
38.2108331955595446 -17.2224997294320588 -1
38.2116665288895305 -17.2224997294320588 6.25967264175415039
38.2124998622195164 -17.2224997294320588 10.3458395004272461
38.2133331955495024 -17.2224997294320588 13.0870151519775391
38.2141665288794883 -17.2224997294320588 7.91642856597900391
38.2149998622094742 -17.2224997294320588 5.63772344589233398
38.2158331955394601 -17.2224997294320588 7.04217290878295898
38.216666528869446 -17.2224997294320588 10.6903743743896484
38.217499862199432 -17.2224997294320588 10.4097719192504883
38.2183331955294179 -17.2224997294320588 7.16421747207641602
38.2191665288594038 -17.2224997294320588 12.3498048782348633
38.2199998621893897 -17.2224997294320588 11.6898059844970703
38.2208331955193756 -17.2224997294320588 17.9334812164306641
38.2216665288493616 -17.2224997294320588 8.09276390075683594
38.2224998621793475 -17.2224997294320588 7.58434534072875977
38.2233331955093334 -17.2224997294320588 8.57322597503662109
38.2241665288393193 -17.2224997294320588 8.53967475891113281
38.2249998621693052 -17.2224997294320588 11.4336233139038086
38.2258331954992912 -17.2224997294320588 7.54006338119506836
38.2266665288292771 -17.2224997294320588 -1
38.227499862159263 -17.2224997294320588 -1
38.2283331954892489 -17.2224997294320588 -1
38.2291665288192348 -17.2224997294320588 -1
38.2299998621492207 -17.2224997294320588 -1
38.2308331954792067 -17.2224997294320588 -1
38.1958331956197981 -17.2233330627620695 -1
38.196666528949784 -17.2233330627620695 -1
38.1974998622797699 -17.2233330627620695 5.4705958366394043
38.1983331956097558 -17.2233330627620695 11.7842512130737305
38.1991665289397417 -17.2233330627620695 5.67092704772949219
38.1999998622697277 -17.2233330627620695 12.239192008972168
38.2008331955997136 -17.2233330627620695 11.7804374694824219
38.2016665289296995 -17.2233330627620695 3.3434290885925293
38.2024998622596854 -17.2233330627620695 5.98655319213867188
38.2033331955896713 -17.2233330627620695 5.46188688278198242
38.2041665289196573 -17.2233330627620695 7.44411325454711914
38.2049998622496432 -17.2233330627620695 7.20510339736938477
38.2058331955796291 -17.2233330627620695 6.36579751968383789
38.206666528909615 -17.2233330627620695 -1
38.2074998622396009 -17.2233330627620695 12.3544473648071289
38.2083331955695868 -17.2233330627620695 12.1550388336181641
38.2091665288995728 -17.2233330627620695 8.1853179931640625
38.2099998622295587 -17.2233330627620695 13.8148422241210938
38.2108331955595446 -17.2233330627620695 -1
38.2116665288895305 -17.2233330627620695 7.32317638397216797
38.2124998622195164 -17.2233330627620695 7.38912105560302734
38.2133331955495024 -17.2233330627620695 10.993804931640625
38.2141665288794883 -17.2233330627620695 11.8280496597290039
38.2149998622094742 -17.2233330627620695 10.7637758255004883
38.2158331955394601 -17.2233330627620695 7.47730541229248047
38.216666528869446 -17.2233330627620695 7.91566085815429688
38.217499862199432 -17.2233330627620695 7.1895294189453125
38.2183331955294179 -17.2233330627620695 14.2970571517944336
38.2191665288594038 -17.2233330627620695 7.48286151885986328
38.2199998621893897 -17.2233330627620695 6.98393154144287109
38.2208331955193756 -17.2233330627620695 7.23942661285400391
38.2216665288493616 -17.2233330627620695 10.5918159484863281
38.2224998621793475 -17.2233330627620695 7.24752902984619141
38.2233331955093334 -17.2233330627620695 6.47842645645141602
38.2241665288393193 -17.2233330627620695 2.11888003349304199
38.2249998621693052 -17.2233330627620695 6.79640626907348633
38.2258331954992912 -17.2233330627620695 7.81874895095825195
38.2266665288292771 -17.2233330627620695 -1
38.227499862159263 -17.2233330627620695 -1
38.2283331954892489 -17.2233330627620695 -1
38.2291665288192348 -17.2233330627620695 -1
38.2299998621492207 -17.2233330627620695 -1
38.2308331954792067 -17.2233330627620695 -1
38.1958331956197981 -17.2241663960920839 -1
38.196666528949784 -17.2241663960920839 -1
38.1974998622797699 -17.2241663960920839 6.08941078186035156
38.1983331956097558 -17.2241663960920839 8.62030982971191406
38.1991665289397417 -17.2241663960920839 7.66942405700683594
38.1999998622697277 -17.2241663960920839 13.5544214248657227
38.2008331955997136 -17.2241663960920839 7.95318222045898438
38.2016665289296995 -17.2241663960920839 12.3228530883789063
38.2024998622596854 -17.2241663960920839 8.32919406890869141
38.2033331955896713 -17.2241663960920839 12.5962533950805664
38.2041665289196573 -17.2241663960920839 7.93779468536376953
38.2049998622496432 -17.2241663960920839 3.52715945243835449
38.2058331955796291 -17.2241663960920839 7.9357600212097168
38.206666528909615 -17.2241663960920839 3.69445061683654785
38.2074998622396009 -17.2241663960920839 8.37889575958251953
38.2083331955695868 -17.2241663960920839 8.29106807708740234
38.2091665288995728 -17.2241663960920839 5.3687744140625
38.2099998622295587 -17.2241663960920839 -1
38.2108331955595446 -17.2241663960920839 7.97591447830200195
38.2116665288895305 -17.2241663960920839 8.02485084533691406
38.2124998622195164 -17.2241663960920839 7.33025455474853516
38.2133331955495024 -17.2241663960920839 7.59118413925170898
38.2141665288794883 -17.2241663960920839 7.61745262145996094
38.2149998622094742 -17.2241663960920839 17.4362201690673828
38.2158331955394601 -17.2241663960920839 7.77439022064208984
38.216666528869446 -17.2241663960920839 7.71946859359741211
38.217499862199432 -17.2241663960920839 7.75578022003173828
38.2183331955294179 -17.2241663960920839 16.7958087921142578
38.2191665288594038 -17.2241663960920839 13.3821907043457031
38.2199998621893897 -17.2241663960920839 16.5861930847167969
38.2208331955193756 -17.2241663960920839 11.0299768447875977
38.2216665288493616 -17.2241663960920839 7.29252290725708008
38.2224998621793475 -17.2241663960920839 11.4097518920898438
38.2233331955093334 -17.2241663960920839 2.08115649223327637
38.2241665288393193 -17.2241663960920839 2.02272963523864746
38.2249998621693052 -17.2241663960920839 2.04110431671142578
38.2258331954992912 -17.2241663960920839 -1
38.2266665288292771 -17.2241663960920839 -1
38.227499862159263 -17.2241663960920839 -1
38.2283331954892489 -17.2241663960920839 -1
38.2291665288192348 -17.2241663960920839 -1
38.2299998621492207 -17.2241663960920839 -1
38.2308331954792067 -17.2241663960920839 -1
38.1958331956197981 -17.2249997294220982 -1
38.196666528949784 -17.2249997294220982 6.7943720817565918
38.1974998622797699 -17.2249997294220982 9.41488265991210938
38.1983331956097558 -17.2249997294220982 8.62365818023681641
38.1991665289397417 -17.2249997294220982 6.68221712112426758
38.1999998622697277 -17.2249997294220982 9.16470241546630859
38.2008331955997136 -17.2249997294220982 8.12357139587402344
38.2016665289296995 -17.2249997294220982 12.899388313293457
38.2024998622596854 -17.2249997294220982 13.035365104675293
38.2033331955896713 -17.2249997294220982 8.29643344879150391
38.2041665289196573 -17.2249997294220982 7.73574066162109375
38.2049998622496432 -17.2249997294220982 11.6536359786987305
38.2058331955796291 -17.2249997294220982 8.05649471282958984
38.206666528909615 -17.2249997294220982 12.0689859390258789
38.2074998622396009 -17.2249997294220982 12.6511249542236328
38.2083331955695868 -17.2249997294220982 11.8828659057617188
38.2091665288995728 -17.2249997294220982 2.63007521629333496
38.2099998622295587 -17.2249997294220982 14.6322965621948242
38.2108331955595446 -17.2249997294220982 7.62502908706665039
38.2116665288895305 -17.2249997294220982 16.6725273132324219
38.2124998622195164 -17.2249997294220982 14.7233009338378906
38.2133331955495024 -17.2249997294220982 11.6770963668823242
38.2141665288794883 -17.2249997294220982 8.17031764984130859
38.2149998622094742 -17.2249997294220982 10.5866918563842773
38.2158331955394601 -17.2249997294220982 11.1689109802246094
38.216666528869446 -17.2249997294220982 7.18293523788452148
38.217499862199432 -17.2249997294220982 7.82046842575073242
38.2183331955294179 -17.2249997294220982 11.4852304458618164
38.2191665288594038 -17.2249997294220982 18.7917327880859375
38.2199998621893897 -17.2249997294220982 7.83994007110595703
38.2208331955193756 -17.2249997294220982 -1
38.2216665288493616 -17.2249997294220982 -1
38.2224998621793475 -17.2249997294220982 -1
38.2233331955093334 -17.2249997294220982 -1
38.2241665288393193 -17.2249997294220982 -1
38.2249998621693052 -17.2249997294220982 -1
38.2258331954992912 -17.2249997294220982 -1
38.2266665288292771 -17.2249997294220982 -1
38.227499862159263 -17.2249997294220982 -1
38.2283331954892489 -17.2249997294220982 -1
38.2291665288192348 -17.2249997294220982 -1
38.2299998621492207 -17.2249997294220982 -1
38.2308331954792067 -17.2249997294220982 -1
38.1958331956197981 -17.225833062752109 -1
38.196666528949784 -17.225833062752109 3.577911376953125
38.1974998622797699 -17.225833062752109 3.41866803169250488
38.1983331956097558 -17.225833062752109 7.36889266967773438
38.1991665289397417 -17.225833062752109 9.18839740753173828
38.1999998622697277 -17.225833062752109 12.4645204544067383
38.2008331955997136 -17.225833062752109 13.2698554992675781
38.2016665289296995 -17.225833062752109 9.04918479919433594
38.2024998622596854 -17.225833062752109 7.82417964935302734
38.2033331955896713 -17.225833062752109 8.75091171264648438
38.2041665289196573 -17.225833062752109 15.1597013473510742
38.2049998622496432 -17.225833062752109 7.98902559280395508
38.2058331955796291 -17.225833062752109 8.27937507629394531
38.206666528909615 -17.225833062752109 6.65841913223266602
38.2074998622396009 -17.225833062752109 21.5898857116699219
38.2083331955695868 -17.225833062752109 7.68990182876586914
38.2091665288995728 -17.225833062752109 -1
38.2099998622295587 -17.225833062752109 12.4766702651977539
38.2108331955595446 -17.225833062752109 20.2515048980712891
38.2116665288895305 -17.225833062752109 25.9932689666748047
38.2124998622195164 -17.225833062752109 7.72457408905029297
38.2133331955495024 -17.225833062752109 9.72185516357421875
38.2141665288794883 -17.225833062752109 18.5219383239746094
38.2149998622094742 -17.225833062752109 8.23583984375
38.2158331955394601 -17.225833062752109 8.25807857513427734
38.216666528869446 -17.225833062752109 8.56922149658203125
38.217499862199432 -17.225833062752109 8.33895397186279297
38.2183331955294179 -17.225833062752109 7.84025907516479492
38.2191665288594038 -17.225833062752109 10.6060552597045898
38.2199998621893897 -17.225833062752109 -1
38.2208331955193756 -17.225833062752109 -1
38.2216665288493616 -17.225833062752109 -1
38.2224998621793475 -17.225833062752109 -1
38.2233331955093334 -17.225833062752109 -1
38.2241665288393193 -17.225833062752109 -1
38.2249998621693052 -17.225833062752109 -1
38.2258331954992912 -17.225833062752109 -1
38.2266665288292771 -17.225833062752109 -1
38.227499862159263 -17.225833062752109 -1
38.2283331954892489 -17.225833062752109 -1
38.2291665288192348 -17.225833062752109 -1
38.2299998621492207 -17.225833062752109 -1
38.2308331954792067 -17.225833062752109 -1
38.1958331956197981 -17.2266663960821234 -1
38.196666528949784 -17.2266663960821234 -1
38.1974998622797699 -17.2266663960821234 11.3743925094604492
38.1983331956097558 -17.2266663960821234 5.85008049011230469
38.1991665289397417 -17.2266663960821234 2.86648058891296387
38.1999998622697277 -17.2266663960821234 7.46380233764648438
38.2008331955997136 -17.2266663960821234 7.075439453125
38.2016665289296995 -17.2266663960821234 9.45400142669677734
38.2024998622596854 -17.2266663960821234 2.73383307456970215
38.2033331955896713 -17.2266663960821234 8.91345310211181641
38.2041665289196573 -17.2266663960821234 12.9698114395141602
38.2049998622496432 -17.2266663960821234 13.6580362319946289
38.2058331955796291 -17.2266663960821234 9.13556385040283203
38.206666528909615 -17.2266663960821234 7.88910007476806641
38.2074998622396009 -17.2266663960821234 8.01841640472412109
38.2083331955695868 -17.2266663960821234 4.96694374084472656
38.2091665288995728 -17.2266663960821234 8.15301609039306641
38.2099998622295587 -17.2266663960821234 12.3703889846801758
38.2108331955595446 -17.2266663960821234 18.8525276184082031
38.2116665288895305 -17.2266663960821234 20.1593112945556641
38.2124998622195164 -17.2266663960821234 12.3785686492919922
38.2133331955495024 -17.2266663960821234 8.10171318054199219
38.2141665288794883 -17.2266663960821234 11.7442502975463867
38.2149998622094742 -17.2266663960821234 8.47535419464111328
38.2158331955394601 -17.2266663960821234 10.8675222396850586
38.216666528869446 -17.2266663960821234 10.693634033203125
38.217499862199432 -17.2266663960821234 2.71466660499572754
38.2183331955294179 -17.2266663960821234 -1
38.2191665288594038 -17.2266663960821234 6.22051191329956055
38.2199998621893897 -17.2266663960821234 -1
38.2208331955193756 -17.2266663960821234 -1
38.2216665288493616 -17.2266663960821234 -1
38.2224998621793475 -17.2266663960821234 -1
38.2233331955093334 -17.2266663960821234 -1
38.2241665288393193 -17.2266663960821234 -1
38.2249998621693052 -17.2266663960821234 -1
38.2258331954992912 -17.2266663960821234 -1
38.2266665288292771 -17.2266663960821234 -1
38.227499862159263 -17.2266663960821234 -1
38.2283331954892489 -17.2266663960821234 -1
38.2291665288192348 -17.2266663960821234 -1
38.2299998621492207 -17.2266663960821234 -1
38.2308331954792067 -17.2266663960821234 -1
38.1958331956197981 -17.2274997294121377 -1
38.196666528949784 -17.2274997294121377 -1
38.1974998622797699 -17.2274997294121377 7.01943540573120117
38.1983331956097558 -17.2274997294121377 2.78031826019287109
38.1991665289397417 -17.2274997294121377 3.63665008544921875
38.1999998622697277 -17.2274997294121377 -1
38.2008331955997136 -17.2274997294121377 7.47307634353637695
38.2016665289296995 -17.2274997294121377 8.47538661956787109
38.2024998622596854 -17.2274997294121377 13.0890998840332031
38.2033331955896713 -17.2274997294121377 5.361297607421875
38.2041665289196573 -17.2274997294121377 7.99762535095214844
38.2049998622496432 -17.2274997294121377 9.0222320556640625
38.2058331955796291 -17.2274997294121377 7.30036544799804688
38.206666528909615 -17.2274997294121377 8.30689525604248047
38.2074998622396009 -17.2274997294121377 12.806488037109375
38.2083331955695868 -17.2274997294121377 12.8409786224365234
38.2091665288995728 -17.2274997294121377 8.41141700744628906
38.2099998622295587 -17.2274997294121377 18.9479179382324219
38.2108331955595446 -17.2274997294121377 7.81717205047607422
38.2116665288895305 -17.2274997294121377 6.89592075347900391
38.2124998622195164 -17.2274997294121377 14.6647214889526367
38.2133331955495024 -17.2274997294121377 7.92535495758056641
38.2141665288794883 -17.2274997294121377 2.77476763725280762
38.2149998622094742 -17.2274997294121377 -1
38.2158331955394601 -17.2274997294121377 8.88861560821533203
38.216666528869446 -17.2274997294121377 4.34646463394165039
38.217499862199432 -17.2274997294121377 -1
38.2183331955294179 -17.2274997294121377 -1
38.2191665288594038 -17.2274997294121377 -1
38.2199998621893897 -17.2274997294121377 -1
38.2208331955193756 -17.2274997294121377 -1
38.2216665288493616 -17.2274997294121377 -1
38.2224998621793475 -17.2274997294121377 -1
38.2233331955093334 -17.2274997294121377 -1
38.2241665288393193 -17.2274997294121377 -1
38.2249998621693052 -17.2274997294121377 -1
38.2258331954992912 -17.2274997294121377 -1
38.2266665288292771 -17.2274997294121377 -1
38.227499862159263 -17.2274997294121377 -1
38.2283331954892489 -17.2274997294121377 -1
38.2291665288192348 -17.2274997294121377 -1
38.2299998621492207 -17.2274997294121377 -1
38.2308331954792067 -17.2274997294121377 -1
38.1958331956197981 -17.228333062742152 -1
38.196666528949784 -17.228333062742152 -1
38.1974998622797699 -17.228333062742152 -1
38.1983331956097558 -17.228333062742152 7.12250757217407227
38.1991665289397417 -17.228333062742152 -1
38.1999998622697277 -17.228333062742152 3.66072583198547363
38.2008331955997136 -17.228333062742152 8.36397171020507813
38.2016665289296995 -17.228333062742152 9.44186305999755859
38.2024998622596854 -17.228333062742152 12.9623889923095703
38.2033331955896713 -17.228333062742152 9.09850502014160156
38.2041665289196573 -17.228333062742152 7.68852138519287109
38.2049998622496432 -17.228333062742152 9.13381862640380859
38.2058331955796291 -17.228333062742152 20.4153194427490234
38.206666528909615 -17.228333062742152 3.84562778472900391
38.2074998622396009 -17.228333062742152 20.1488800048828125
38.2083331955695868 -17.228333062742152 12.3033342361450195
38.2091665288995728 -17.228333062742152 11.3307514190673828
38.2099998622295587 -17.228333062742152 13.6588268280029297
38.2108331955595446 -17.228333062742152 13.2533035278320313
38.2116665288895305 -17.228333062742152 11.1775417327880859
38.2124998622195164 -17.228333062742152 7.10730457305908203
38.2133331955495024 -17.228333062742152 7.21457576751708984
38.2141665288794883 -17.228333062742152 5.55385541915893555
38.2149998622094742 -17.228333062742152 -1
38.2158331955394601 -17.228333062742152 2.84345531463623047
38.216666528869446 -17.228333062742152 -1
38.217499862199432 -17.228333062742152 -1
38.2183331955294179 -17.228333062742152 -1
38.2191665288594038 -17.228333062742152 -1
38.2199998621893897 -17.228333062742152 -1
38.2208331955193756 -17.228333062742152 -1
38.2216665288493616 -17.228333062742152 -1
38.2224998621793475 -17.228333062742152 -1
38.2233331955093334 -17.228333062742152 -1
38.2241665288393193 -17.228333062742152 -1
38.2249998621693052 -17.228333062742152 -1
38.2258331954992912 -17.228333062742152 -1
38.2266665288292771 -17.228333062742152 -1
38.227499862159263 -17.228333062742152 -1
38.2283331954892489 -17.228333062742152 -1
38.2291665288192348 -17.228333062742152 -1
38.2299998621492207 -17.228333062742152 -1
38.2308331954792067 -17.228333062742152 -1
38.1958331956197981 -17.2291663960721628 -1
38.196666528949784 -17.2291663960721628 -1
38.1974998622797699 -17.2291663960721628 -1
38.1983331956097558 -17.2291663960721628 6.9235224723815918
38.1991665289397417 -17.2291663960721628 9.48840045928955078
38.1999998622697277 -17.2291663960721628 6.75599241256713867
38.2008331955997136 -17.2291663960721628 7.17910957336425781
38.2016665289296995 -17.2291663960721628 17.9776210784912109
38.2024998622596854 -17.2291663960721628 12.9962406158447266
38.2033331955896713 -17.2291663960721628 8.70368671417236328
38.2041665289196573 -17.2291663960721628 9.27978515625
38.2049998622496432 -17.2291663960721628 8.85775661468505859
38.2058331955796291 -17.2291663960721628 13.3357315063476563
38.206666528909615 -17.2291663960721628 8.54503631591796875
38.2074998622396009 -17.2291663960721628 15.3537092208862305
38.2083331955695868 -17.2291663960721628 13.6880149841308594
38.2091665288995728 -17.2291663960721628 12.9326791763305664
38.2099998622295587 -17.2291663960721628 9.08265876770019531
38.2108331955595446 -17.2291663960721628 8.33008003234863281
38.2116665288895305 -17.2291663960721628 20.2403240203857422
38.2124998622195164 -17.2291663960721628 14.5034551620483398
38.2133331955495024 -17.2291663960721628 5.59513759613037109
38.2141665288794883 -17.2291663960721628 -1
38.2149998622094742 -17.2291663960721628 -1
38.2158331955394601 -17.2291663960721628 -1
38.216666528869446 -17.2291663960721628 -1
38.217499862199432 -17.2291663960721628 -1
38.2183331955294179 -17.2291663960721628 -1
38.2191665288594038 -17.2291663960721628 -1
38.2199998621893897 -17.2291663960721628 -1
38.2208331955193756 -17.2291663960721628 -1
38.2216665288493616 -17.2291663960721628 -1
38.2224998621793475 -17.2291663960721628 -1
38.2233331955093334 -17.2291663960721628 -1
38.2241665288393193 -17.2291663960721628 -1
38.2249998621693052 -17.2291663960721628 -1
38.2258331954992912 -17.2291663960721628 -1
38.2266665288292771 -17.2291663960721628 -1
38.227499862159263 -17.2291663960721628 -1
38.2283331954892489 -17.2291663960721628 -1
38.2291665288192348 -17.2291663960721628 -1
38.2299998621492207 -17.2291663960721628 -1
38.2308331954792067 -17.2291663960721628 -1
38.1958331956197981 -17.2299997294021772 -1
38.196666528949784 -17.2299997294021772 -1
38.1974998622797699 -17.2299997294021772 -1
38.1983331956097558 -17.2299997294021772 5.53132104873657227
38.1991665289397417 -17.2299997294021772 2.97347235679626465
38.1999998622697277 -17.2299997294021772 9.68979835510253906
38.2008331955997136 -17.2299997294021772 13.0908803939819336
38.2016665289296995 -17.2299997294021772 6.54460954666137695
38.2024998622596854 -17.2299997294021772 8.93347549438476563
38.2033331955896713 -17.2299997294021772 8.16061305999755859
38.2041665289196573 -17.2299997294021772 7.60478878021240234
38.2049998622496432 -17.2299997294021772 3.77707338333129883
38.2058331955796291 -17.2299997294021772 8.30051422119140625
38.206666528909615 -17.2299997294021772 16.6993198394775391
38.2074998622396009 -17.2299997294021772 9.16187953948974609
38.2083331955695868 -17.2299997294021772 8.44913005828857422
38.2091665288995728 -17.2299997294021772 14.2353849411010742
38.2099998622295587 -17.2299997294021772 12.5483732223510742
38.2108331955595446 -17.2299997294021772 11.1694879531860352
38.2116665288895305 -17.2299997294021772 13.6690406799316406
38.2124998622195164 -17.2299997294021772 7.25557565689086914
38.2133331955495024 -17.2299997294021772 -1
38.2141665288794883 -17.2299997294021772 -1
38.2149998622094742 -17.2299997294021772 -1
38.2158331955394601 -17.2299997294021772 -1
38.216666528869446 -17.2299997294021772 -1
38.217499862199432 -17.2299997294021772 -1
38.2183331955294179 -17.2299997294021772 -1
38.2191665288594038 -17.2299997294021772 -1
38.2199998621893897 -17.2299997294021772 -1
38.2208331955193756 -17.2299997294021772 -1
38.2216665288493616 -17.2299997294021772 -1
38.2224998621793475 -17.2299997294021772 -1
38.2233331955093334 -17.2299997294021772 -1
38.2241665288393193 -17.2299997294021772 -1
38.2249998621693052 -17.2299997294021772 -1
38.2258331954992912 -17.2299997294021772 -1
38.2266665288292771 -17.2299997294021772 -1
38.227499862159263 -17.2299997294021772 -1
38.2283331954892489 -17.2299997294021772 -1
38.2291665288192348 -17.2299997294021772 -1
38.2299998621492207 -17.2299997294021772 -1
38.2308331954792067 -17.2299997294021772 -1
38.1958331956197981 -17.2308330627321915 -1
38.196666528949784 -17.2308330627321915 -1
38.1974998622797699 -17.2308330627321915 -1
38.1983331956097558 -17.2308330627321915 -1
38.1991665289397417 -17.2308330627321915 6.5409698486328125
38.1999998622697277 -17.2308330627321915 12.5150032043457031
38.2008331955997136 -17.2308330627321915 9.83009910583496094
38.2016665289296995 -17.2308330627321915 8.67857646942138672
38.2024998622596854 -17.2308330627321915 5.79295158386230469
38.2033331955896713 -17.2308330627321915 8.06045341491699219
38.2041665289196573 -17.2308330627321915 8.259185791015625
38.2049998622496432 -17.2308330627321915 7.85286664962768555
38.2058331955796291 -17.2308330627321915 16.1788291931152344
38.206666528909615 -17.2308330627321915 8.64287853240966797
38.2074998622396009 -17.2308330627321915 13.1687355041503906
38.2083331955695868 -17.2308330627321915 9.24555301666259766
38.2091665288995728 -17.2308330627321915 16.6949977874755859
38.2099998622295587 -17.2308330627321915 20.2052478790283203
38.2108331955595446 -17.2308330627321915 7.93924808502197266
38.2116665288895305 -17.2308330627321915 8.25461006164550781
38.2124998622195164 -17.2308330627321915 -1
38.2133331955495024 -17.2308330627321915 -1
38.2141665288794883 -17.2308330627321915 -1
38.2149998622094742 -17.2308330627321915 -1
38.2158331955394601 -17.2308330627321915 -1
38.216666528869446 -17.2308330627321915 -1
38.217499862199432 -17.2308330627321915 -1
38.2183331955294179 -17.2308330627321915 -1
38.2191665288594038 -17.2308330627321915 -1
38.2199998621893897 -17.2308330627321915 -1
38.2208331955193756 -17.2308330627321915 -1
38.2216665288493616 -17.2308330627321915 -1
38.2224998621793475 -17.2308330627321915 -1
38.2233331955093334 -17.2308330627321915 -1
38.2241665288393193 -17.2308330627321915 -1
38.2249998621693052 -17.2308330627321915 -1
38.2258331954992912 -17.2308330627321915 -1
38.2266665288292771 -17.2308330627321915 -1
38.227499862159263 -17.2308330627321915 -1
38.2283331954892489 -17.2308330627321915 -1
38.2291665288192348 -17.2308330627321915 -1
38.2299998621492207 -17.2308330627321915 -1
38.2308331954792067 -17.2308330627321915 -1
38.1958331956197981 -17.2316663960622023 -1
38.196666528949784 -17.2316663960622023 -1
38.1974998622797699 -17.2316663960622023 -1
38.1983331956097558 -17.2316663960622023 -1
38.1991665289397417 -17.2316663960622023 -1
38.1999998622697277 -17.2316663960622023 7.00452423095703125
38.2008331955997136 -17.2316663960622023 8.85175895690917969
38.2016665289296995 -17.2316663960622023 9.63795566558837891
38.2024998622596854 -17.2316663960622023 13.1242303848266602
38.2033331955896713 -17.2316663960622023 13.2956705093383789
38.2041665289196573 -17.2316663960622023 12.9459819793701172
38.2049998622496432 -17.2316663960622023 8.71682071685791016
38.2058331955796291 -17.2316663960622023 12.4748020172119141
38.206666528909615 -17.2316663960622023 13.2545251846313477
38.2074998622396009 -17.2316663960622023 12.3120517730712891
38.2083331955695868 -17.2316663960622023 13.9154291152954102
38.2091665288995728 -17.2316663960622023 8.95329570770263672
38.2099998622295587 -17.2316663960622023 8.09717750549316406
38.2108331955595446 -17.2316663960622023 7.47227144241333008
38.2116665288895305 -17.2316663960622023 7.55134677886962891
38.2124998622195164 -17.2316663960622023 -1
38.2133331955495024 -17.2316663960622023 -1
38.2141665288794883 -17.2316663960622023 -1
38.2149998622094742 -17.2316663960622023 -1
38.2158331955394601 -17.2316663960622023 -1
38.216666528869446 -17.2316663960622023 -1
38.217499862199432 -17.2316663960622023 -1
38.2183331955294179 -17.2316663960622023 -1
38.2191665288594038 -17.2316663960622023 -1
38.2199998621893897 -17.2316663960622023 -1
38.2208331955193756 -17.2316663960622023 -1
38.2216665288493616 -17.2316663960622023 -1
38.2224998621793475 -17.2316663960622023 -1
38.2233331955093334 -17.2316663960622023 -1
38.2241665288393193 -17.2316663960622023 -1
38.2249998621693052 -17.2316663960622023 -1
38.2258331954992912 -17.2316663960622023 -1
38.2266665288292771 -17.2316663960622023 -1
38.227499862159263 -17.2316663960622023 -1
38.2283331954892489 -17.2316663960622023 -1
38.2291665288192348 -17.2316663960622023 -1
38.2299998621492207 -17.2316663960622023 -1
38.2308331954792067 -17.2316663960622023 -1
38.1958331956197981 -17.2324997293922166 -1
38.196666528949784 -17.2324997293922166 -1
38.1974998622797699 -17.2324997293922166 -1
38.1983331956097558 -17.2324997293922166 -1
38.1991665289397417 -17.2324997293922166 4.13809490203857422
38.1999998622697277 -17.2324997293922166 3.04326343536376953
38.2008331955997136 -17.2324997293922166 8.40799331665039063
38.2016665289296995 -17.2324997293922166 9.81086444854736328
38.2024998622596854 -17.2324997293922166 -1
38.2033331955896713 -17.2324997293922166 9.27466487884521484
38.2041665289196573 -17.2324997293922166 8.45126724243164063
38.2049998622496432 -17.2324997293922166 2.96413183212280273
38.2058331955796291 -17.2324997293922166 6.34490823745727539
38.206666528909615 -17.2324997293922166 13.1362133026123047
38.2074998622396009 -17.2324997293922166 8.94815158843994141
38.2083331955695868 -17.2324997293922166 8.52603435516357422
38.2091665288995728 -17.2324997293922166 9.32723522186279297
38.2099998622295587 -17.2324997293922166 9.10294055938720703
38.2108331955595446 -17.2324997293922166 7.15281581878662109
38.2116665288895305 -17.2324997293922166 -1
38.2124998622195164 -17.2324997293922166 -1
38.2133331955495024 -17.2324997293922166 -1
38.2141665288794883 -17.2324997293922166 -1
38.2149998622094742 -17.2324997293922166 -1
38.2158331955394601 -17.2324997293922166 -1
38.216666528869446 -17.2324997293922166 -1
38.217499862199432 -17.2324997293922166 -1
38.2183331955294179 -17.2324997293922166 -1
38.2191665288594038 -17.2324997293922166 -1
38.2199998621893897 -17.2324997293922166 -1
38.2208331955193756 -17.2324997293922166 -1
38.2216665288493616 -17.2324997293922166 -1
38.2224998621793475 -17.2324997293922166 -1
38.2233331955093334 -17.2324997293922166 -1
38.2241665288393193 -17.2324997293922166 -1
38.2249998621693052 -17.2324997293922166 -1
38.2258331954992912 -17.2324997293922166 -1
38.2266665288292771 -17.2324997293922166 -1
38.227499862159263 -17.2324997293922166 -1
38.2283331954892489 -17.2324997293922166 -1
38.2291665288192348 -17.2324997293922166 -1
38.2299998621492207 -17.2324997293922166 -1
38.2308331954792067 -17.2324997293922166 -1
38.1958331956197981 -17.233333062722231 -1
38.196666528949784 -17.233333062722231 6.71530008316040039
38.1974998622797699 -17.233333062722231 8.47637271881103516
38.1983331956097558 -17.233333062722231 16.3921833038330078
38.1991665289397417 -17.233333062722231 8.10590744018554688
38.1999998622697277 -17.233333062722231 9.09633159637451172
38.2008331955997136 -17.233333062722231 -1
38.2016665289296995 -17.233333062722231 -1
38.2024998622596854 -17.233333062722231 -1
38.2033331955896713 -17.233333062722231 -1
38.2041665289196573 -17.233333062722231 -1
38.2049998622496432 -17.233333062722231 3.83884048461914063
38.2058331955796291 -17.233333062722231 8.57878684997558594
38.206666528909615 -17.233333062722231 7.14113855361938477
38.2074998622396009 -17.233333062722231 -1
38.2083331955695868 -17.233333062722231 -1
38.2091665288995728 -17.233333062722231 -1
38.2099998622295587 -17.233333062722231 4.39974212646484375
38.2108331955595446 -17.233333062722231 -1
38.2116665288895305 -17.233333062722231 -1
38.2124998622195164 -17.233333062722231 -1
38.2133331955495024 -17.233333062722231 -1
38.2141665288794883 -17.233333062722231 -1
38.2149998622094742 -17.233333062722231 -1
38.2158331955394601 -17.233333062722231 -1
38.216666528869446 -17.233333062722231 -1
38.217499862199432 -17.233333062722231 -1
38.2183331955294179 -17.233333062722231 -1
38.2191665288594038 -17.233333062722231 -1
38.2199998621893897 -17.233333062722231 -1
38.2208331955193756 -17.233333062722231 -1
38.2216665288493616 -17.233333062722231 -1
38.2224998621793475 -17.233333062722231 -1
38.2233331955093334 -17.233333062722231 -1
38.2241665288393193 -17.233333062722231 -1
38.2249998621693052 -17.233333062722231 -1
38.2258331954992912 -17.233333062722231 -1
38.2266665288292771 -17.233333062722231 -1
38.227499862159263 -17.233333062722231 -1
38.2283331954892489 -17.233333062722231 -1
38.2291665288192348 -17.233333062722231 -1
38.2299998621492207 -17.233333062722231 -1
38.2308331954792067 -17.233333062722231 -1
38.1958331956197981 -17.2341663960522418 -1
38.196666528949784 -17.2341663960522418 -1
38.1974998622797699 -17.2341663960522418 -1
38.1983331956097558 -17.2341663960522418 17.5444526672363281
38.1991665289397417 -17.2341663960522418 20.1641139984130859
38.1999998622697277 -17.2341663960522418 14.3435039520263672
38.2008331955997136 -17.2341663960522418 6.36034345626831055
38.2016665289296995 -17.2341663960522418 -1
38.2024998622596854 -17.2341663960522418 -1
38.2033331955896713 -17.2341663960522418 -1
38.2041665289196573 -17.2341663960522418 -1
38.2049998622496432 -17.2341663960522418 -1
38.2058331955796291 -17.2341663960522418 -1
38.206666528909615 -17.2341663960522418 -1
38.2074998622396009 -17.2341663960522418 -1
38.2083331955695868 -17.2341663960522418 -1
38.2091665288995728 -17.2341663960522418 -1
38.2099998622295587 -17.2341663960522418 -1
38.2108331955595446 -17.2341663960522418 -1
38.2116665288895305 -17.2341663960522418 -1
38.2124998622195164 -17.2341663960522418 -1
38.2133331955495024 -17.2341663960522418 -1
38.2141665288794883 -17.2341663960522418 -1
38.2149998622094742 -17.2341663960522418 -1
38.2158331955394601 -17.2341663960522418 -1
38.216666528869446 -17.2341663960522418 -1
38.217499862199432 -17.2341663960522418 -1
38.2183331955294179 -17.2341663960522418 -1
38.2191665288594038 -17.2341663960522418 -1
38.2199998621893897 -17.2341663960522418 -1
38.2208331955193756 -17.2341663960522418 -1
38.2216665288493616 -17.2341663960522418 -1
38.2224998621793475 -17.2341663960522418 -1
38.2233331955093334 -17.2341663960522418 -1
38.2241665288393193 -17.2341663960522418 -1
38.2249998621693052 -17.2341663960522418 -1
38.2258331954992912 -17.2341663960522418 -1
38.2266665288292771 -17.2341663960522418 -1
38.227499862159263 -17.2341663960522418 -1
38.2283331954892489 -17.2341663960522418 -1
38.2291665288192348 -17.2341663960522418 -1
38.2299998621492207 -17.2341663960522418 -1
38.2308331954792067 -17.2341663960522418 -1
38.1958331956197981 -17.2349997293822561 -1
38.196666528949784 -17.2349997293822561 -1
38.1974998622797699 -17.2349997293822561 -1
38.1983331956097558 -17.2349997293822561 -1
38.1991665289397417 -17.2349997293822561 -1
38.1999998622697277 -17.2349997293822561 8.33060836791992188
38.2008331955997136 -17.2349997293822561 2.88254356384277344
38.2016665289296995 -17.2349997293822561 -1
38.2024998622596854 -17.2349997293822561 -1
38.2033331955896713 -17.2349997293822561 -1
38.2041665289196573 -17.2349997293822561 -1
38.2049998622496432 -17.2349997293822561 -1
38.2058331955796291 -17.2349997293822561 -1
38.206666528909615 -17.2349997293822561 -1
38.2074998622396009 -17.2349997293822561 -1
38.2083331955695868 -17.2349997293822561 -1
38.2091665288995728 -17.2349997293822561 -1
38.2099998622295587 -17.2349997293822561 -1
38.2108331955595446 -17.2349997293822561 -1
38.2116665288895305 -17.2349997293822561 -1
38.2124998622195164 -17.2349997293822561 -1
38.2133331955495024 -17.2349997293822561 -1
38.2141665288794883 -17.2349997293822561 -1
38.2149998622094742 -17.2349997293822561 -1
38.2158331955394601 -17.2349997293822561 -1
38.216666528869446 -17.2349997293822561 -1
38.217499862199432 -17.2349997293822561 -1
38.2183331955294179 -17.2349997293822561 -1
38.2191665288594038 -17.2349997293822561 -1
38.2199998621893897 -17.2349997293822561 -1
38.2208331955193756 -17.2349997293822561 -1
38.2216665288493616 -17.2349997293822561 -1
38.2224998621793475 -17.2349997293822561 -1
38.2233331955093334 -17.2349997293822561 -1
38.2241665288393193 -17.2349997293822561 -1
38.2249998621693052 -17.2349997293822561 -1
38.2258331954992912 -17.2349997293822561 -1
38.2266665288292771 -17.2349997293822561 -1
38.227499862159263 -17.2349997293822561 -1
38.2283331954892489 -17.2349997293822561 -1
38.2291665288192348 -17.2349997293822561 -1
38.2299998621492207 -17.2349997293822561 -1
38.2308331954792067 -17.2349997293822561 -1
38.1958331956197981 -17.2358330627122704 -1
38.196666528949784 -17.2358330627122704 -1
38.1974998622797699 -17.2358330627122704 -1
38.1983331956097558 -17.2358330627122704 -1
38.1991665289397417 -17.2358330627122704 -1
38.1999998622697277 -17.2358330627122704 -1
38.2008331955997136 -17.2358330627122704 -1
38.2016665289296995 -17.2358330627122704 -1
38.2024998622596854 -17.2358330627122704 -1
38.2033331955896713 -17.2358330627122704 -1
38.2041665289196573 -17.2358330627122704 -1
38.2049998622496432 -17.2358330627122704 -1
38.2058331955796291 -17.2358330627122704 -1
38.206666528909615 -17.2358330627122704 -1
38.2074998622396009 -17.2358330627122704 -1
38.2083331955695868 -17.2358330627122704 -1
38.2091665288995728 -17.2358330627122704 -1
38.2099998622295587 -17.2358330627122704 -1
38.2108331955595446 -17.2358330627122704 -1
38.2116665288895305 -17.2358330627122704 -1
38.2124998622195164 -17.2358330627122704 -1
38.2133331955495024 -17.2358330627122704 -1
38.2141665288794883 -17.2358330627122704 -1
38.2149998622094742 -17.2358330627122704 -1
38.2158331955394601 -17.2358330627122704 -1
38.216666528869446 -17.2358330627122704 -1
38.217499862199432 -17.2358330627122704 -1
38.2183331955294179 -17.2358330627122704 -1
38.2191665288594038 -17.2358330627122704 -1
38.2199998621893897 -17.2358330627122704 -1
38.2208331955193756 -17.2358330627122704 -1
38.2216665288493616 -17.2358330627122704 -1
38.2224998621793475 -17.2358330627122704 -1
38.2233331955093334 -17.2358330627122704 -1
38.2241665288393193 -17.2358330627122704 -1
38.2249998621693052 -17.2358330627122704 -1
38.2258331954992912 -17.2358330627122704 -1
38.2266665288292771 -17.2358330627122704 -1
38.227499862159263 -17.2358330627122704 -1
38.2283331954892489 -17.2358330627122704 -1
38.2291665288192348 -17.2358330627122704 -1
38.2299998621492207 -17.2358330627122704 -1
38.2308331954792067 -17.2358330627122704 -1
38.1958331956197981 -17.2366663960422812 -1
38.196666528949784 -17.2366663960422812 -1
38.1974998622797699 -17.2366663960422812 -1
38.1983331956097558 -17.2366663960422812 -1
38.1991665289397417 -17.2366663960422812 -1
38.1999998622697277 -17.2366663960422812 -1
38.2008331955997136 -17.2366663960422812 -1
38.2016665289296995 -17.2366663960422812 -1
38.2024998622596854 -17.2366663960422812 -1
38.2033331955896713 -17.2366663960422812 -1
38.2041665289196573 -17.2366663960422812 -1
38.2049998622496432 -17.2366663960422812 -1
38.2058331955796291 -17.2366663960422812 -1
38.206666528909615 -17.2366663960422812 -1
38.2074998622396009 -17.2366663960422812 -1
38.2083331955695868 -17.2366663960422812 -1
38.2091665288995728 -17.2366663960422812 -1
38.2099998622295587 -17.2366663960422812 -1
38.2108331955595446 -17.2366663960422812 -1
38.2116665288895305 -17.2366663960422812 -1
38.2124998622195164 -17.2366663960422812 -1
38.2133331955495024 -17.2366663960422812 -1
38.2141665288794883 -17.2366663960422812 -1
38.2149998622094742 -17.2366663960422812 -1
38.2158331955394601 -17.2366663960422812 -1
38.216666528869446 -17.2366663960422812 -1
38.217499862199432 -17.2366663960422812 -1
38.2183331955294179 -17.2366663960422812 -1
38.2191665288594038 -17.2366663960422812 -1
38.2199998621893897 -17.2366663960422812 -1
38.2208331955193756 -17.2366663960422812 -1
38.2216665288493616 -17.2366663960422812 -1
38.2224998621793475 -17.2366663960422812 -1
38.2233331955093334 -17.2366663960422812 -1
38.2241665288393193 -17.2366663960422812 -1
38.2249998621693052 -17.2366663960422812 -1
38.2258331954992912 -17.2366663960422812 -1
38.2266665288292771 -17.2366663960422812 -1
38.227499862159263 -17.2366663960422812 -1
38.2283331954892489 -17.2366663960422812 -1
38.2291665288192348 -17.2366663960422812 -1
38.2299998621492207 -17.2366663960422812 -1
38.2308331954792067 -17.2366663960422812 -1
